"ID

"	State	Pcode1	County	Pcode2	Mid 2016 Population	Mid 2017 Population	CCCM	EDUCATION	FSL	HEALTH	NUTRITION	PROTECTION	SHELTER & NFIs	WASH	Total People In Need with Refugee Response	Total People In Need	Total People In Need + People In Need with Refugee Response			
1	Upper Nile	71	Renk	7101	182325	185534	0 	18414 	15707 	70804 	37601 	16507 	18198 	63316 	0	70804	70804			
2	Upper Nile	71	Manyo	7102	65059	66226	0 	6571 	32243 	21860 	7600 	0 	0 	15768 	0	32243	32243			
3	Upper Nile	71	Fashoda	7103	43311	44088	0 	4374 	21033 	50523 	5060 	74883 	37393 	54416 	0	54416	54416			
4	Upper Nile	71	Melut	7104	59299	60363	27501 	5989 	11394 	39137 	6224 	72540 	21015 	37147 	0	39137	39137			
5	Upper Nile	71	Maban	7105	64273	65426	0 	6491 	8708 	0 	6175 	59670 	11267 	59796 	157359	59796	217155			
6	Upper Nile	71	Maiwut	7106	103875	105739	0 	10491 	5801 	38466 	15880 	106662 	26999 	39559 	0	39559	39559			
7	Upper Nile	71	Luakpiny/Nasir	7107	257177	261792	0 	25973 	46966 	128435 	36522 	250781 	55418 	98490 	0	128435	128435			
8	Upper Nile	71	Longochuk	7108	82592	84073	0 	8341 	10161 	37899 	14095 	71044 	9638 	28529 	0	37899	37899			
9	Upper Nile	71	Ulang	7109	110330	112310	0 	11143 	18819 	49034 	17249 	16060 	16230 	35503 	0	49034	49034			
10	Upper Nile	71	Baliet	7110	62619	63743	0 	6324 	56378 	29136 	7315 	60164 	12722 	26054 	0	56378	56378			
11	Upper Nile	71	Malakal	7111	152831	155562	57544 	15435 	171000 	77547 	19288 	171851 	57027 	93897 	0	171000	171000			
12	Upper Nile	71	Panyikang	7112	52905	53854	0 	5343 	21789 	25016 	6180 	51679 	11477 	22267 	0	25016	25016			
13	Jonglei	72	Fangak	7201	163174	166101	76200 	20543 	23807 	99597 	18438 	188381 	49460 	118321 	0	118321	118321			
14	Jonglei	72	Canal/Pigi	7202	124127	126354	0 	15627 	14884 	76904 	14026 	138184 	34068 	68527 	0	76904	76904			
15	Jonglei	72	Ayod	7203	175125	178268	0 	22047 	32060 	63593 	19789 	181344 	38603 	69826 	0	69826	69826			
16	Jonglei	72	Duk	7204	121078	123250	0 	15243 	26793 	54494 	13383 	118809 	26728 	47296 	0	54494	54494			
17	Jonglei	72	Uror	7205	209186	212940	0 	26335 	25887 	87303 	30975 	246890 	67152 	57402 	0	87303	87303			
18	Jonglei	72	Nyirol	7206	139305	141805	0 	17538 	25887 	55966 	14502 	132479 	27129 	62276 	0	62276	62276			
19	Jonglei	72	Akobo	7207	176431	179597	0 	22211 	17266 	118437 	21418 	167323 	33962 	117807 	0	118437	118437			
20	Jonglei	72	Pochalla	7208	87578	89093	0 	11025 	10444 	30140 	9896 	12000 	12240 	11396 	2785	30140	32925			
21	Jonglei	72	Pibor	7209	174838	177975	0 	22011 	32060 	60965 	19756 	200938 	26278 	26323 	0	60965	60965			
22	Jonglei	72	Twic East	7210	127219	129501	0 	16016 	21660 	61816 	19340 	129351 	4631 	45418 	0	61816	61816			
23	Jonglei	72	Bor South	7211	292517	297765	19847 	36826 	41923 	97056 	33054 	304605 	12860 	115296 	0	115296	115296			
24	Unity	73	Pariang	7301	146881	149517	0 	18037 	57403 	31188 	20353 	135427 	24946 	52514 	114795	57403	172198			
25	Unity	73	Abiemnhom	7302	24223	24658	0 	2975 	3581 	15362 	4517 	30167 	10846 	16809 	0	16809	16809			
26	Unity	73	Mayom	7303	183288	186577	0 	22508 	93692 	94067 	33547 	217466 	59632 	163833 	0	163833	163833			
27	Unity	73	Rubkona	7304	212248	216056	182027 	26064 	139623 	151688 	39582 	297178 	185376 	251118 	0	251118	251118			
28	Unity	73	Guit	7305	48575	49447	5116 	5965 	21228 	15053 	7067 	41547 	5466 	34857 	0	34857	34857			
29	Unity	73	Koch	7306	137630	140099	0 	16901 	104035 	90935 	20091 	158223 	46600 	105345 	0	105345	105345			
30	Unity	73	Leer	7307	117876	119991	0 	14475 	89794 	105642 	13015 	177240 	64332 	143956 	0	143956	143956			
31	Unity	73	Mayendit	7308	81896	83365	0 	10057 	69725 	78442 	12683 	113422 	37942 	83602 	0	83602	83602			
32	Unity	73	Panyijiar	7309	77464	78854	0 	9513 	67362 	70824 	9739 	136580 	56270 	105946 	0	105946	105946			
33	Warrap	81	Abyei Region	8101	73793	75117	7754 	7919 	0 	7754 	25434 	7754 	41561 	29970 	0	41561	41561			
34	Warrap	81	Twic	8102	354318	359855	0 	38024 	124012 	120328 	21455 	1924 	9449 	61350 	0	124012	124012			
35	Warrap	81	Gogrial West	8103	331990	337946	0 	35627 	146237 	114897 	24503 	3348 	10181 	103183 	0	146237	146237			
36	Warrap	81	Gogrial East	8104	147386	150030	0 	15817 	54554 	49522 	11027 	0 	0 	36007 	0	54554	54554			
37	Warrap	81	Tonj North	8105	215724	219595	0 	23150 	56445 	72483 	25447 	0 	0 	28671 	0	72483	72483			
38	Warrap	81	Tonj East	8106	137222	139684	0 	14726 	37454 	46107 	19619 	0 	0 	33949 	0	46107	46107			
39	Warrap	81	Tonj South	8107	112417	114434	0 	12064 	28304 	37772 	67324 	112417 	0 	26008 	0	67324	67324			
40	Northern Bahr el Ghazal	82	Aweil North	8201	276979	281948	0 	7871 	235774 	93065 	49749 	0 	0 	116500 	0	235774	235774			
41	Northern Bahr el Ghazal	82	Aweil East	8202	548432	558272	0 	15586 	516097 	184273 	112594 	0 	0 	270427 	0	516097	516097			
42	Northern Bahr el Ghazal	82	Aweil South	8203	149923	152613	0 	4261 	124761 	50374 	26336 	0 	0 	59437 	0	124761	124761			
43	Northern Bahr el Ghazal	82	Aweil West	8204	307797	313320	5014 	8747 	296629 	108434 	63191 	5014 	11081 	138660 	0	296629	296629			
44	Northern Bahr el Ghazal	82	Aweil Centre	8205	110416	112397	2087 	3138 	106723 	39187 	22669 	2087 	4223 	80883 	0	106723	106723			
45	Western Bahr el Ghazal	83	Raga	8301	89126	90725	0 	4700 	72266 	52146 	17577 	89045 	21040 	49116 	0	72266	72266			
46	Western Bahr el Ghazal	83	Jur River	8302	205571	209260	0 	10840 	127355 	68746 	22327 	0 	0 	37890 	0	127355	127355			
47	Western Bahr el Ghazal	83	Wau	8303	241419	245751	78733 	12730 	215357 	151896 	49448 	277721 	95458 	236092 	0	236092	236092			
48	Lakes	84	Cueibet	8401	180839	184083	0 	18907 	36512 	60966 	16700 	516 	2162 	28625 	0	60966	60966			
49	Lakes	84	Rumbek North	8402	55268	56259	0 	5778 	10822 	23027 	3793 	6221 	6562 	4389 	0	23027	23027			
50	Lakes	84	Rumbek Centre	8403	243644	248016	0 	25473 	52571 	83802 	18408 	3577 	9371 	32188 	0	83802	83802			
51	Lakes	84	Wulu	8404	74963	76308	0 	7837 	5411 	33425 	6923 	10645 	12201 	12251 	0	33425	33425			
52	Lakes	84	Rumbek East	8405	192334	195785	0 	20109 	39218 	71499 	17762 	12451 	14932 	36651 	0	71499	71499			
53	Lakes	84	Yirol West	8406	164455	167406	0 	17194 	21633 	68551 	18518 	288683 	15306 	36527 	0	68551	68551			
54	Lakes	84	Yirol East	8407	123756	125976	0 	12939 	16232 	41778 	11429 	193778 	4352 	19389 	0	41778	41778			
55	Lakes	84	Awerial	8408	59166	60227	115220 	6186 	123550 	72625 	8620 	79383 	56877 	123788 	0	123788	123788			
56	Western Equatoria	91	Tambura	9101	74874	76217	0 	13444 	0 	36549 	3215 	44375 	0 	18526 	0	36549	36549			
57	Western Equatoria	91	Nagero	9102	16071	16359	0 	2886 	2988 	5400 	690 	0 	0 	813 	0	5400	5400			
58	Western Equatoria	91	Nzara	9103	76499	77871	0 	13736 	0 	24578 	3285 	0 	0 	2415 	0	24578	24578			
59	Western Equatoria	91	Ezo	9104	105897	107643	0 	19014 	16440 	44631 	4547 	105897 	0 	30234 	10156	44631	54787			
60	Western Equatoria	91	Yambio	9105	193408	196879	0 	34727 	28392 	90039 	8305 	202713 	16712 	33718 	0	90039	90039			
61	Western Equatoria	91	Ibba	9106	49555	50444	0 	8898 	0 	16143 	2128 	0 	0 	1765 	0	16143	16143			
62	Western Equatoria	91	Maridi	9107	103915	105779	0 	18658 	0 	39404 	4462 	110815 	8216 	9789 	0	39404	39404			
63	Western Equatoria	91	Mvolo	9108	61657	62763	0 	11071 	7848 	20717 	2647 	0 	0 	2380 	0	20717	20717			
64	Western Equatoria	91	Mundri West	9109	55516	56512	0 	9968 	5604 	42530 	2384 	63407 	27967 	31694 	0	42530	42530			
65	Western Equatoria	91	Mundri East	9110	61023	62118	0 	10957 	7476 	20348 	2620 	73909 	25529 	21767 	0	25529	25529			
66	Central Equatoria	92	Terekeka	9201	182461	185735	0 	11815 	27303 	66882 	8059 	5583 	8812 	44193 	0	66882	66882			
67	Central Equatoria	92	Juba	9202	510353	519197	47575 	33047 	469780 	206766 	39432 	554696 	46607 	218747 	17714	469780	487494			
68	Central Equatoria	92	Lainya	9203	148413	151076	0 	9610 	140955 	56956 	6555 	7089 	9358 	64247 	0	140955	140955			
69	Central Equatoria	92	Yei	9204	270250	275099	0 	17500 	52157 	144689 	11936 	274750 	9813 	55629 	0	144689	144689			
70	Central Equatoria	92	Morobo	9205	195205	198707	0 	12640 	29327 	62066 	8621 	0 	0 	1987 	0	62066	62066			
71	Central Equatoria	92	Kajo-keji	9206	275083	280019	0 	17813 	40416 	92428 	12149 	9700 	14388 	3119 	0	92428	92428			
72	Eastern Equatoria	93	Torit	9301	143321	145893	0 	10662 	30059 	53156 	14580 	148321 	7941 	72539 	0	72539	72539			
73	Eastern Equatoria	93	Lafon	9302	135745	138181	0 	10098 	34923 	49883 	13809 	0 	0 	76624 	0	76624	76624			
74	Eastern Equatoria	93	Kapoeta North	9303	120170	122326	0 	8940 	31433 	40377 	9197 	0 	0 	11658 	0	40377	40377			
75	Eastern Equatoria	93	Kapoeta East	9304	191882	195325	0 	14274 	66356 	64472 	19520 	0 	0 	23997 	0	66356	66356			
76	Eastern Equatoria	93	Kapoeta South	9305	94489	96184	0 	7029 	24440 	31748 	6952 	0 	0 	9207 	0	31748	31748			
77	Eastern Equatoria	93	Budi	9306	116624	118716	0 	8676 	8582 	39186 	11864 	0 	0 	46773 	0	46773	46773			
78	Eastern Equatoria	93	Ikotos	9307	131882	134248	0 	9811 	57625 	50590 	13416 	7318 	9191 	29402 	0	57625	57625			
79	Eastern Equatoria	93	Magwi	9308	208390	212129	6000 	15502 	34134 	100233 	21199 	242678 	34053 	83836 	0	100233	100233			
																				
TOTALS					11976876	12190350	630618	1137205	4903268	5079757	1446785	7025210	1635248	4769729	302809	7171770	7474579			
